126461	158.596	
169016	147.009	
216951	152.48	
256668	151.697	
293998	150.406	
342735	151.567	
384087	155.168	
423072	156.266	
468226	218.634	
512600	153.965	
551090	151.738	
589324	150.263	
631176	157.713	
673344	160.282	
719290	161.176	
757602	143.639	
798539	151.84	
838211	151.299	
876409	155.331	
911142	142.604	
955451	145.999	
993302	139.549	
1031565	145.539	
1072416	152.498	
1110752	141.192	
1146359	154.823	
1195478	151.744	
1235200	154.499	
1274007	153.123	
1315866	148.691	
1358881	138.54	
1400905	141.181	
1447021	138.961	
1490103	153.062	
1533272	208.512	
1568971	145.504	
1609216	152.13	
1643844	152.076	
1684459	139.196	
1720603	137.983	
1758519	140.82	
1797457	150.046	
1833593	165.638	
1874750	154.079	
1920835	151.942	
1961082	149.319	
1997841	148.532	
2033120	141.763	
2073223	148.923	
2108839	160.224	
2151316	126.942	
2186874	162.379	
2220148	148.416	
2258768	151.214	
2295658	149.206	
2337740	157.53	
2380532	152.456	
2422551	150.988	
2459991	154.657	
2506960	148.463	
2545438	160.049	
2591235	154.2	
2640736	142.153	
2683671	147.913	
2720907	145.148	
2764962	152.445	
2807046	159.223	
2847328	145.071	
2890349	147.588	
2932603	145.541	
2972308	142.202	
3017308	154.812	
3053828	154.774	
3096023	148.567	
3135506	159.447	
3178477	157.692	
3215297	156.396	
3256610	161.213	
3293358	149.334	
3334597	156.111	
3374957	144.47	
3414461	147.73	
3457965	146.231	
3498042	142.569	
3537231	163.802	
3574276	137.843	
3616563	154.473	
3658442	154.129	
3694460	157.335	
3732991	145.248	
3769546	153.251	
3809375	149.716	
3849616	157.116	
3895771	144.901	
3934669	152.266	
3971783	148.559	
4010494	154.485	
4046181	153.271	
4092169	148.457	
4129394	149.348	
4166173	155.345	
4202930	145.656	
4241425	153.713	
4277045	144.513	
4319803	144.119	
4357298	152.124	
4394636	156.029	
4432750	146.429	
4471362	153.142	
4508316	151.174	
4555064	149.565	
4587864	168.863	
4632015	149.571	
4672611	146.146	
4710002	147.503	
4747418	147.292	
4798711	147.515	
4845903	151.204	
4891240	153.605	
4930449	151.09	
4970778	158.993	
5007874	153.153	
5054152	153.61	
5097109	154.081	
5136766	146.151	
5173477	147.355	
5213635	142.337	
5252492	149.324	
5294391	146.602	
5334377	143.644	
5374523	148.876	
5414959	154.503	
5457746	152.039	
5515235	136.889	
5560277	144.342	
5600929	147.796	
5641293	141.534	
5681219	136.264	
5736871	143.632	
5776963	143.913	
5819482	136.781	
5858899	156.763	
5898796	152.833	
5938587	128.732	
5979624	152.892	
6018032	148.989	
6059454	150.878	
6098237	150.624	
6143793	152.507	
6170340	137.254	
6196782	150.367	
6221029	139.711	
6247521	161.201	
