150223	127.037	
188440	132.71	
227344	136.554	
270724	135.676	
304980	140.937	
343818	146.118	
380767	143.83	
420741	146.447	
457704	146.399	
495675	145.024	
531119	143.807	
566189	147.486	
603631	148.487	
640005	147.79	
706066	148.056	
741442	145.748	
785853	116.881	
822155	114.399	
861706	113.709	
894403	124.594	
927334	135.829	
962023	137.743	
997782	138.472	
1039003	138.318	
1081959	162.084	
1118323	116.003	
1159524	129.052	
1194907	139.947	
1237325	152.433	
1273076	155.653	
1315017	153.32	
1349282	156.842	
1385815	155.17	
1425196	148.644	
1466691	150.014	
1503718	152.462	
1537598	150.518	
1573331	130.031	
1616570	134.958	
1657855	146.355	
1690911	133.567	
1726102	137.529	
1772924	91.0573	
1808803	163.755	
1847954	138.735	
1881441	141.417	
1918549	156.289	
1955975	157.29	
1993396	159.828	
2029266	162.401	
2065493	156.867	
2105706	138.78	
2141743	124.329	
2176920	138.876	
2218847	136.929	
2257334	121.089	
2299770	109.646	
2335056	116.1	
2372506	124.638	
2406860	131.438	
2450235	125.596	
2484018	125.022	
2519176	123.86	
2554799	131.787	
2596543	119.667	
2637933	116.516	
2677555	116.205	
2712053	120.385	
2748641	122.347	
2789036	118.174	
2830331	116.321	
2868887	121.209	
2905864	122.376	
2946149	128.65	
2978829	135.99	
3018553	148.992	
3050908	146.689	
3091260	151.039	
3126933	153.984	
3165819	154.478	
3203412	135.943	
3245369	140.242	
3279966	133.094	
3322034	118.778	
3359691	112.507	
3397294	118.446	
3438307	128.238	
3473599	132.349	
3509678	134.005	
3545418	141.254	
3584721	147.573	
3624896	150.226	
3666509	155.626	
3703737	156.312	
3743480	136.503	
3778087	122.989	
3828730	119.633	
3866663	127.099	
3903827	136.66	
3944649	132.838	
3983419	135.935	
4018884	147.839	
4076034	151.727	
4112797	149.233	
4159622	152.88	
4193941	151.564	
4230127	150.817	
4266679	149.752	
4304173	152.099	
4343171	153.932	
4388308	155.631	
4423021	152	
4457709	145.65	
4495836	157.034	
4534869	154.226	
4574123	158.206	
4613218	159.633	
4651901	161.851	
4694801	154.86	
4730344	155.475	
4766168	152.586	
4804282	151.367	
4846124	152.972	
4887449	155.998	
4923650	159.412	
4959582	158.632	
5002991	162.357	
5044743	152.707	
5082024	158.469	
5119561	159.04	
5163798	154.843	
5199568	153.096	
5238989	165.061	
5274148	156.326	
5310211	163.994	
5353137	157.209	
5392849	137.069	
5433756	134.153	
5471309	138.069	
5505688	125.796	
5550962	124.004	
5590034	130.555	
5621472	133.973	
5656274	135.666	
5696518	142.46	
5732926	146.609	
5771171	149.349	
5817613	150.598	
5854271	152.558	
5890132	161.378	
5916574	161.57	
5941667	148.859	
5964983	150.452	
5995647	145.143	
