109516	136.439	
140173	137.206	
180286	134.623	
218539	138.114	
247420	141.061	
288288	142.158	
320300	144.335	
351763	143.978	
384469	143.124	
422114	145.287	
456362	132.284	
487254	148.313	
519695	147.099	
550635	142.87	
585343	145.457	
619486	146.675	
653423	146.857	
683968	150.136	
717396	149.623	
752339	146.218	
795616	144.547	
856531	141.833	
887387	142.973	
923043	142.715	
956555	144.399	
995394	147.739	
1026077	140.874	
1062665	123.538	
1100258	116.106	
1133353	126.353	
1168387	127.472	
1203842	142.452	
1241781	136.951	
1275410	140.073	
1312424	137.33	
1349857	126.637	
1398422	128.496	
1435282	136.206	
1466807	136.155	
1503617	140.818	
1538071	145.777	
1568089	144.085	
1606405	189.866	
1635483	138.461	
1670258	145.164	
1704460	151.614	
1738800	155.479	
1774652	155.862	
1813100	154.73	
1848311	146.543	
1890796	150.661	
1928491	158.179	
1962673	157.572	
1993435	151.974	
2030602	156.156	
2063286	131.412	
2096436	148.577	
2137929	158.88	
2174012	162.225	
2208190	164.313	
2257798	161.455	
2291468	156.497	
2333513	160.615	
2367417	153.661	
2403053	154.706	
2442643	156.309	
2478908	154.481	
2510139	158.85	
2545987	155.812	
2590381	157.336	
2621496	146.513	
2655812	155.171	
2690461	156.073	
2722491	154.52	
2758019	160.262	
2793161	155.212	
2831084	156.12	
2864591	155.219	
2899463	144.215	
2934731	157.592	
2971408	155.797	
3007326	154.368	
3043362	147.386	
3074680	166.527	
3124388	169.48	
3155494	169.217	
3190071	170.44	
3227807	169.892	
3262977	171.458	
3303594	168.217	
3338511	172.654	
3369291	170.111	
3406195	171.275	
3444718	167.853	
3481053	170.544	
3512775	166.947	
3541712	170.101	
3586747	172.684	
3626604	169.857	
3656624	169.408	
3691319	163.482	
3727475	162.035	
3765082	161.807	
3797093	153.215	
3832463	166.123	
3874163	169.837	
3912170	156.16	
3950409	157.633	
3990655	149.117	
4024671	153.595	
4059725	155.288	
4103287	172.547	
4147497	160.805	
4185426	159.704	
4219457	154.697	
4252543	154.073	
4294920	155.274	
4335771	160.413	
4370331	155.613	
4408909	152.441	
4446055	145.945	
4482119	149.538	
4516524	146.254	
4559264	144.876	
4603742	127.824	
4638295	148.6	
4673496	149.76	
4709997	150.864	
4747196	148.531	
4789428	138.159	
4824325	143.289	
4862450	146.775	
4897251	147.342	
4941269	148.096	
4982272	134.993	
5017732	149.022	
5060936	145.154	
5101168	146.377	
5132652	152.121	
5167207	148.005	
5211436	126.391	
5246703	151.378	
5282446	148.819	
5317917	140.308	
5351543	123.368	
5383623	123.046	
5424890	143.053	
5460330	145.866	
5496459	120.6	
5529582	153.161	
5563026	147.883	
5597064	157.763	
5633691	145.274	
5670994	148.096	
5704939	146.428	
5738317	151.903	
5773948	142.275	
5807701	148.612	
5843404	159.916	
5878996	145.231	
5916006	158.694	
5953952	149.238	
5992976	147.107	
6025703	147.987	
6063856	139.514	
6100808	151.904	
6136112	120.112	
6174818	148.485	
6218260	154.987	
6249377	114.018	
6286129	110.608	
6323572	150.854	
6366062	129.818	
6398771	124.689	
6438843	124.17	
6480780	126.193	
6516110	122.612	
6561376	119.798	
6599357	142.653	
6621107	117.189	
6640061	122.331	
6664108	123.92	
6686755	124.768	
