123488	144.939	
155946	147.194	
192042	146.081	
239184	147.171	
273762	148.077	
308944	146.879	
348298	146.295	
396777	148.986	
430350	143.148	
470962	148.445	
506833	146.935	
541940	144.036	
580057	141.106	
619567	137.559	
659124	145.889	
695609	147.203	
734917	148.06	
773207	148.588	
810475	139.1	
838817	147.602	
879164	146.703	
921251	132.162	
958177	145.584	
992454	145.06	
1031398	141.793	
1066957	147.112	
1106317	147.676	
1145274	147.254	
1197515	146.776	
1230546	145.594	
1261746	138.241	
1302505	145.8	
1336219	141.194	
1375373	145.282	
1409876	143.902	
1444117	147.656	
1478319	148.02	
1516425	147.943	
1549096	148.873	
1585124	149.105	
1627010	147.125	
1662319	147.643	
1697386	148.127	
1736182	148.547	
1771602	150.44	
1807548	148.83	
1841731	147.895	
1878875	149.059	
1909848	149.096	
1941123	149.412	
1979928	150.391	
2015401	149.573	
2045855	149.158	
2078140	149.462	
2115059	149.352	
2151171	148.247	
2182614	148.646	
2218695	149.08	
2255213	150.33	
2293133	148.751	
2326264	150.404	
2358055	151.048	
2392687	149.078	
2432790	149.922	
2469897	148.67	
2507958	151.19	
2540325	150.627	
2579641	150.247	
2611990	150.953	
2648675	150.654	
2686782	151.706	
2715713	150.93	
2753057	149.584	
2784598	148.857	
2824294	148.958	
2858523	150.043	
2889211	150.391	
2922662	150.697	
2959180	151.457	
2998660	151.398	
3033276	265.039	
3070073	152.939	
3108238	143.74	
3144007	149.826	
3177884	150.102	
3212564	152.491	
3247520	148.432	
3280949	149.833	
3309190	156.866	
3345502	153.365	
3374037	153.504	
3413566	130.398	
3452665	218.994	
3488973	146.454	
3525143	135.134	
3562191	144.402	
3601041	137.464	
3633837	155.173	
3695580	156.886	
3734886	156.498	
3768855	155.943	
3803310	150.282	
3840032	158.691	
3878566	159.37	
3915277	150.262	
3953362	155.951	
3987074	155.446	
4021740	154.58	
4058380	157.487	
4093385	159.05	
4131173	155.186	
4171274	156.25	
4221908	156.159	
4256739	153.432	
4298034	159.121	
4333367	159.373	
4372572	153.963	
4412592	153.353	
4444592	156.889	
4481452	154.32	
4518285	159.296	
4552405	159.185	
4592676	159.458	
4627571	150.003	
4660066	158.134	
4695982	159.685	
4731496	157.657	
4768988	158.198	
4811602	153.502	
4845271	161.699	
4880956	153.379	
4914918	159.138	
4954380	158.342	
4995590	158.155	
5026429	153.136	
5067090	158.882	
5101450	158.373	
5136394	158.964	
5168834	159.323	
5204046	156.164	
5240236	155.816	
5280158	156.123	
5317524	156.869	
5348854	153.925	
5386380	152.973	
5425293	157.72	
5464365	156.246	
5498734	157.751	
5536721	158.518	
5559781	156.945	
5582290	158.57	
5604443	158.827	
5628620	151.951	
