120253	148.355	
160589	145.056	
197815	144.271	
235405	142.293	
268618	138.924	
309549	111.182	
341282	112.359	
378250	115.433	
416726	120.321	
452929	123.041	
488129	121.918	
526418	114.52	
557953	111.431	
591927	107.267	
625492	107.647	
662492	105.189	
694955	138.752	
731584	142.623	
763058	151.221	
798957	145.381	
832098	141.597	
872216	144.376	
904740	140.309	
942917	103.992	
976325	104.975	
1010584	136.862	
1045293	103.023	
1085092	105.597	
1119274	104.731	
1156728	137.909	
1190630	136.773	
1226478	104.592	
1259958	107.899	
1301197	108.872	
1334809	119.64	
1374721	122.859	
1413065	125.095	
1451199	124.112	
1485365	127.314	
1524244	130.621	
1563291	130.603	
1598959	130.525	
1635514	134.82	
1667872	130.563	
1706865	124.609	
1769691	110.532	
1801427	162.782	
1835887	160.429	
1873823	166.827	
1908004	158.586	
1939400	165.445	
1976092	161.349	
2015159	156.618	
2048417	143.743	
2082424	150.346	
2122808	163.185	
2160782	152.034	
2202419	156.961	
2236597	157.303	
2275812	161.824	
2316809	148.732	
2348632	148.041	
2382817	150.199	
2419526	133.677	
2459920	136.935	
2499305	140.538	
2531801	145.135	
2567946	140.587	
2603443	136.691	
2640834	137.062	
2676763	146.904	
2715412	140.8	
2751886	138.705	
2785956	137.069	
2818466	141.621	
2861852	147.118	
2899347	154.575	
2934725	152.736	
2969838	144.702	
3003411	142.859	
3038455	104.919	
3083757	101.643	
3116665	132.197	
3155629	122.464	
3188239	134.943	
3224109	135.401	
3283141	128.34	
3315280	143.814	
3348393	116.271	
3380363	102.534	
3418211	100.755	
3449378	101.942	
3486787	104.446	
3527508	147.494	
3561441	146.187	
3595217	152.057	
3629828	149.701	
3666802	148.92	
3695625	144.489	
3745021	139.66	
3788895	138.812	
3819824	144.164	
3854179	142.755	
3894988	144.941	
3932366	98.7314	
3973898	101.097	
4006414	105.194	
4044736	102.96	
4080946	104.311	
4115600	103.348	
4149100	102.287	
4189184	104.462	
4221737	129.803	
4256995	138.853	
4296842	143.355	
4336550	140.783	
4375504	147.058	
4410794	135.15	
4449350	139.471	
4482559	139.991	
4524897	138.951	
4556775	146.782	
4590071	139.626	
4629633	129.048	
4662706	133.313	
4695844	136.874	
4733680	133.859	
4766676	102.881	
4799862	106.581	
4835910	105.824	
4875593	147.245	
4910351	148.354	
4941615	137.979	
4976162	144.661	
5015059	150.563	
5052782	150.228	
5091657	142.558	
5127347	142.235	
5167229	145.438	
5201430	142.475	
5237953	138.757	
5277430	137.756	
5314912	127.6	
5346241	131.238	
5382014	124.344	
5415385	92.94	
5452246	130.751	
5495335	130.664	
5527431	133.401	
5549209	136.062	
5583904	95.3237	
5606401	136.502	
5627088	140.408	
