138981	166.124	
182188	159.785	
224138	160.098	
261825	140.659	
308956	159.623	
344632	129.101	
386323	160.747	
426353	125.86	
467619	136.39	
501845	162.25	
534034	133.314	
575674	162.122	
613462	157.654	
648920	161.167	
687904	162.497	
727349	163.206	
764095	158.088	
803400	164.925	
844784	162.261	
887441	153.62	
941287	165.126	
978452	136.374	
1018883	163.781	
1063002	168.463	
1103602	169.042	
1140855	167.267	
1176151	171.773	
1214926	166.474	
1257657	162.995	
1293382	166.626	
1344238	156.316	
1383028	160.211	
1420058	160.587	
1456942	164.646	
1502303	169.19	
1543188	166.917	
1584442	166.931	
1621927	137.121	
1660798	162.616	
1697327	164.798	
1739547	129.419	
1777910	153.391	
1815859	161.518	
1851661	162.16	
1890527	153.919	
1932739	134.716	
1967599	157.479	
2007816	133.491	
2046711	153.589	
2088184	169.633	
2128746	164.235	
2176991	164.58	
2214159	167.887	
2252491	180.948	
2293396	173.486	
2329229	176.319	
2366903	175.897	
2402761	183.655	
2445658	188.08	
2482357	189.052	
2523042	186.324	
2561752	192.502	
2605090	195.637	
2642841	182.988	
2681609	163.765	
2722340	156.066	
2756070	159.449	
2794997	131.163	
2832928	156.842	
2870511	136.48	
2909067	163.214	
2946452	153.15	
2983418	131.958	
3023400	118.455	
3061416	154.059	
3098156	125.261	
3140094	147.165	
3178055	152.77	
3214802	160.508	
3255033	131.094	
3298465	125.934	
3337287	125.74	
3375717	125.862	
3419665	130.04	
3459307	153.036	
3494957	148.291	
3534515	153.449	
3577651	166.784	
3622898	149.715	
3665076	159.583	
3702775	148.966	
3743421	132.291	
3785623	154.247	
3822497	134.873	
3860132	157.555	
3897817	154.083	
3938059	147.003	
3977156	159.512	
4021008	159.281	
4060064	148.785	
4102506	154.95	
4143820	151.983	
4184448	161.54	
4227131	150.457	
4268602	151.904	
4304009	128.284	
4341981	122.851	
4380828	156.942	
4416726	166.855	
4454936	139.999	
4493414	177.33	
4532859	159.373	
4572922	160.172	
4610850	133.647	
4652126	164.247	
4698116	153.71	
4746270	157.313	
4789952	152.871	
4829771	124.603	
4868655	148.108	
4911676	137.026	
4952052	122.818	
4995431	128.252	
5032979	133.301	
5070061	131.958	
5106969	133.792	
5149841	160.442	
5185480	125.648	
5230291	151.236	
5269680	151.314	
5307075	153.152	
5348134	151.869	
5388852	129.725	
5428410	127.469	
5476259	126.782	
5511573	132.671	
5551318	127.971	
5589976	125.224	
5632825	122.792	
5673731	136.912	
5711569	131.081	
5760948	156.22	
5799879	160.727	
5840420	155.386	
5881633	157.636	
5924139	158.079	
5948138	154.235	
5974149	162.709	
6000631	156.061	
6029263	127.828	
